  double point
          ttpi     1.429200000000000         1.000000         0.000000    
            lp    0.9490000000000000         1.000000         0.000000    
        cevpam    0.5000000000000000         1.000000         0.000000    
        cevpph     45.00000000000000         1.000000         0.000000    
         rrcs3    2.0000000000000001E-04     1.000000         0.000000    
          damp    0.9500000000000000         1.000000         0.000000    
        rivvel    0.4329233000000000         1.000000         0.000000    
         tcalt    0.6000000000000000         1.000000         0.000000    
         qmean     25.00000000000000         1.000000         0.000000    
      epotdist     3.000000000000000         1.000000         0.000000    
        gldepi     3.000000000000000         1.000000         0.000000    
         gratp     2.000000000000000         1.000000         0.000000    
         gratk    0.6510970000000000         1.000000         0.000000    
       sdnsnew    0.1450000000000000         1.000000         0.000000    
    snowdensdt    1.4000000000000000E-03     1.000000         0.000000    
       ttmp_10     1.000000000000000         1.000000         0.000000    
       ttmp_11     1.274581100000000         1.000000         0.000000    
       ttmp_12     1.000000000000000         1.000000         0.000000    
       ttmp_13    0.8474565100000000         1.000000         0.000000    
       ttmp_14     2.000000000000000         1.000000         0.000000    
       ttmp_15    5.4825840000000001E-02     1.000000         0.000000    
       ttmp_16     2.000000000000000         1.000000         0.000000    
       ttmp_17    -2.000000000000000         1.000000         0.000000    
       cmlt_10     2.600000000000000         1.000000         0.000000    
       cmlt_11     4.244620800000000         1.000000         0.000000    
       cmlt_12     2.600000000000000         1.000000         0.000000    
       cmlt_13     1.906600500000000         1.000000         0.000000    
       cmlt_14     2.686096000000000         1.000000         0.000000    
       cmlt_15     1.595441200000000         1.000000         0.000000    
       cmlt_16     3.004781300000000         1.000000         0.000000    
       cmlt_17    0.2000000000000000         1.000000         0.000000    
       cevp_10    0.1500000000000000         1.000000         0.000000    
       cevp_11    0.1147693900000000         1.000000         0.000000    
       cevp_12    0.1500000000000000         1.000000         0.000000    
       cevp_13    0.1000000000000000         1.000000         0.000000    
       cevp_14    0.2000000000000000         1.000000         0.000000    
       cevp_15    0.2000000000000000         1.000000         0.000000    
       cevp_16    0.1000000000000000         1.000000         0.000000    
       cevp_17    0.2000000000000000         1.000000         0.000000    
      srrcs_10    0.1500000000000000         1.000000         0.000000    
      srrcs_11    0.2000000000000000         1.000000         0.000000    
      srrcs_12    0.1500000000000000         1.000000         0.000000    
      srrcs_13    0.1000000000000000         1.000000         0.000000    
      srrcs_14    0.1000000000000000         1.000000         0.000000    
      srrcs_15    0.1000000000000000         1.000000         0.000000    
      srrcs_16    0.1000000000000000         1.000000         0.000000    
      srrcs_17    0.1000000000000000         1.000000         0.000000    
      frost_10     2.000000000000000         1.000000         0.000000    
      frost_11     2.000000000000000         1.000000         0.000000    
      frost_12     2.000000000000000         1.000000         0.000000    
      frost_13     2.000000000000000         1.000000         0.000000    
      frost_14     2.000000000000000         1.000000         0.000000    
      frost_15     2.000000000000000         1.000000         0.000000    
      frost_16     2.000000000000000         1.000000         0.000000    
      frost_17     2.000000000000000         1.000000         0.000000    
     rrcs1_100    0.3750000000000000         1.000000         0.000000    
     rrcs1_101    5.0000000000000003E-02     1.000000         0.000000    
     rrcs1_102    0.1306916381000000         1.000000         0.000000    
     rrcs1_103    5.0000000000000003E-02     1.000000         0.000000    
     rrcs1_104    5.0000000000000003E-02     1.000000         0.000000    
     rrcs1_105     1.000000000000000         1.000000         0.000000    
     rrcs1_106    5.0000000000000003E-02     1.000000         0.000000    
     rrcs2_100    2.5499999999999998E-02     1.000000         0.000000    
     rrcs2_101    4.0590676999999999E-02     1.000000         0.000000    
     rrcs2_102    7.0423676999999997E-03     1.000000         0.000000    
     rrcs2_103    1.6651802600000001E-02     1.000000         0.000000    
     rrcs2_104    5.1143624000000000E-03     1.000000         0.000000    
     rrcs2_105    3.0228037600000000E-02     1.000000         0.000000    
     rrcs2_106    1.3486511200000001E-02     1.000000         0.000000    
     trrcs_100    0.2000000000000000         1.000000         0.000000    
     trrcs_101    0.2000000000000000         1.000000         0.000000    
     trrcs_102    0.2000000000000000         1.000000         0.000000    
     trrcs_103    0.2000000000000000         1.000000         0.000000    
     trrcs_104    0.2000000000000000         1.000000         0.000000    
     trrcs_105    0.2000000000000000         1.000000         0.000000    
     trrcs_106    0.2000000000000000         1.000000         0.000000    
    mperc1_100     65.00000000000000         1.000000         0.000000    
    mperc1_101     65.00000000000000         1.000000         0.000000    
    mperc1_102     65.00000000000000         1.000000         0.000000    
    mperc1_103     65.00000000000000         1.000000         0.000000    
    mperc1_104     65.00000000000000         1.000000         0.000000    
    mperc1_105     65.00000000000000         1.000000         0.000000    
    mperc1_106     65.00000000000000         1.000000         0.000000    
    mperc2_100     65.00000000000000         1.000000         0.000000    
    mperc2_101     65.00000000000000         1.000000         0.000000    
    mperc2_102     65.00000000000000         1.000000         0.000000    
    mperc2_103     65.00000000000000         1.000000         0.000000    
    mperc2_104     65.00000000000000         1.000000         0.000000    
    mperc2_105     65.00000000000000         1.000000         0.000000    
    mperc2_106     65.00000000000000         1.000000         0.000000    
    sfrost_100     1.000000000000000         1.000000         0.000000    
    sfrost_101     1.000000000000000         1.000000         0.000000    
    sfrost_102     1.000000000000000         1.000000         0.000000    
    sfrost_103     1.000000000000000         1.000000         0.000000    
    sfrost_104     1.000000000000000         1.000000         0.000000    
    sfrost_105     1.000000000000000         1.000000         0.000000    
    sfrost_106     1.000000000000000         1.000000         0.000000    
   macrate_100    0.2000000000000000         1.000000         0.000000    
   macrate_101    0.1000000000000000         1.000000         0.000000    
   macrate_102    0.1000000000000000         1.000000         0.000000    
   macrate_103    0.1000000000000000         1.000000         0.000000    
   macrate_104    0.3000000000000000         1.000000         0.000000    
   macrate_105    0.3000000000000000         1.000000         0.000000    
   macrate_106    0.2896960371140000         1.000000         0.000000    
  mactrinf_100     30.00000000000000         1.000000         0.000000    
  mactrinf_101     28.08921981884000         1.000000         0.000000    
  mactrinf_102     26.99566966395000         1.000000         0.000000    
  mactrinf_103     32.58858825169000         1.000000         0.000000    
  mactrinf_104     28.93361086287000         1.000000         0.000000    
  mactrinf_105     29.92448258435000         1.000000         0.000000    
  mactrinf_106     24.65272194510000         1.000000         0.000000    
   mactrsm_100    0.6750000000000000         1.000000         0.000000    
   mactrsm_101    0.6750000000000000         1.000000         0.000000    
   mactrsm_102    0.6750000000000000         1.000000         0.000000    
   mactrsm_103    0.6750000000000000         1.000000         0.000000    
   mactrsm_104    0.6750000000000000         1.000000         0.000000    
   mactrsm_105    0.6750000000000000         1.000000         0.000000    
   mactrsm_106    0.6750000000000000         1.000000         0.000000    
    srrate_100    0.1500000000000000         1.000000         0.000000    
    srrate_101    0.1000000000000000         1.000000         0.000000    
    srrate_102    0.1000000000000000         1.000000         0.000000    
    srrate_103    0.1000000000000000         1.000000         0.000000    
    srrate_104    0.1000000000000000         1.000000         0.000000    
    srrate_105    0.1000000000000000         1.000000         0.000000    
    srrate_106    0.2000000000000000         1.000000         0.000000    
      wcwp_100    7.0000000000000007E-02     1.000000         0.000000    
      wcwp_101    5.0404730000000002E-02     1.000000         0.000000    
      wcwp_102    0.1000000000000000         1.000000         0.000000    
      wcwp_103    0.1000000000000000         1.000000         0.000000    
      wcwp_104    0.1000000000000000         1.000000         0.000000    
      wcwp_105    0.1000000000000000         1.000000         0.000000    
      wcwp_106    0.1000000000000000         1.000000         0.000000    
      wcfc_100    0.2500000000000000         1.000000         0.000000    
      wcfc_101    0.2172297990000000         1.000000         0.000000    
      wcfc_102    0.5000000000000000         1.000000         0.000000    
      wcfc_103    0.4000000000000000         1.000000         0.000000    
      wcfc_104    0.4000000000000000         1.000000         0.000000    
      wcfc_105    0.1000000000000000         1.000000         0.000000    
      wcfc_106    0.4000000000000000         1.000000         0.000000    
      wcep_100    5.5000000000000000E-02     1.000000         0.000000    
      wcep_101    0.1000000000000000         1.000000         0.000000    
      wcep_102    5.8015733000000000E-02     1.000000         0.000000    
      wcep_103    0.1000000000000000         1.000000         0.000000    
      wcep_104    0.3500000000000000         1.000000         0.000000    
      wcep_105    1.0000000000000000E-02     1.000000         0.000000    
      wcep_106    0.1000000000000000         1.000000         0.000000    
